10,263
10,143
10,233
10,215
10,121
10,271
10,243
10,103
10,2
10,3
11,19
9,7
9,1
9,5
9,2
9,3
8,14
8,5
8,17
47,4
47,3
47,2
47,1
47,0
46,3
46,2
46,1
46,0
45,3
45,2
45,1
45,0
44,5
44,4
44,3
44,2
44,1
44,0
43,4
43,3
43,2
43,1
43,0
41,5
41,4
41,3
41,2
41,1
41,0
38,5
38,4
38,3
38,2
38,1
38,0
36,5
36,4
36,3
36,2
36,1
36,0
34,5
34,4
34,3
34,2
34,1
24,3
24,1
20,3
20,2
20,1
19,3
19,2
19,1
12,3
12,2
12,1
11,29
11,28
11,27
11,26
11,25
11,24
11,23
11,22
11,21
11,20
11,18
11,17
11,16
11,15
11,14
18,1
11,13
18,3
11,12
11,11
11,10
11,9
11,8
11,7
14,1
11,6
14,3
11,1
11,5
13,1
11,3
